0 0.565625 0.284375 0.0515625 0.08828125
1 0.19296875 0.39453125 0.0515625 0.0890625
1 0.61953125 0.46640625 0.0515625 0.09296875
1 0.4359375 0.5546875 0.0546875 0.08828125
1 0.10703125 0.31015625 0.04296875 0.0875
0 0.415625 0.221875 0.03359375 0.0640625
0 0.80078125 0.25546875 0.0734375 0.16171875
1 0.271875 0.38203125 0.0390625 0.0734375
1 0.33671875 0.26796875 0.03515625 0.065625
1 0.28828125 0.2359375 0.03671875 0.04921875
1 0.63828125 0.265625 0.02890625 0.04921875
1 0.984375 0.4078125 0.03125 0.078125
1 0.8296875 0.20859375 0.0265625 0.0625
1 0.8125 0.43046875 0.05625 0.09375