0 0.528125 0.7453125 0.07109375 0.0921875
0 0.04375 0.34375 0.0609375 0.09921875
0 0.578125 0.82109375 0.0734375 0.11171875
0 0.778125 0.2625 0.065625 0.0953125
0 0.27734375 0.46171875 0.1171875 0.18515625
0 0.9359375 0.34453125 0.06953125 0.08359375
0 0.8578125 0.0828125 0.05546875 0.07109375
0 0.50390625 0.421875 0.06171875 0.09296875
0 0.678125 0.26640625 0.0625 0.08671875
0 0.36796875 0.92109375 0.0703125 0.11796875
0 0.4890625 0.2640625 0.06953125 0.08359375
0 0.28984375 0.06484375 0.06796875 0.09609375
1 0.04765625 0.04140625 0.0609375 0.07890625
0 0.65859375 0.490625 0.05703125 0.0734375
0 0.24375 0.25859375 0.05625 0.09140625
0 0.1421875 0.70390625 0.05859375 0.10859375
1 0.06640625 0.4796875 0.05625 0.075
0 0.85546875 0.1921875 0.0578125 0.06875
0 0.96796875 0.63359375 0.0640625 0.0921875
0 0.0953125 0.7765625 0.07734375 0.128125
0 0.02421875 0.87578125 0.0484375 0.13046875
0 0.49765625 0.12890625 0.0625 0.075
1 0.10625 0.01484375 0.0421875 0.0296875